1111111111111111111111111111111111111111111111111122222221111111111111111111111111111111111111111111
1000000011111111111111111111111111115555555111111100000001111111111111100000000000000000000000000001
1000000011111111111111111111111111115555555111111100000001111111111111100000000000000000000000000001
1000000011111111111111111111111111115555555111111100000001111111111111100000000000000000000000000001
1000000011111111111111111111111111115555555111111100000001111111111111100000000000000000000000000001
1000000011111111111111111111111111115555555111111100000001111111111111100000000000000000000000000001
1000000011111111111111111111111111115555555111111100000001111111111111100000000000000000000000000001
1000000011111111111111111111111111113333333111111100000001111111111111100000000000000000000000000001
1444444400000000000000111111100000004444444000000044444440000000111111100000001111111333333300000001
1444444400000000000000111111100000004444444000000044444440000000111111100000001111111555555300000001
1444444400000000000000111111100000004444444000000044444440000000111111100000001111111555555300000001
1444444400000000000000111111100000004444444000000044444440000000111111100000001111111555555300000001
1444444400000000000000111111100000004444444000000044444440000000111111100000001111111555555300000001
1444444400000000000000111111100000004444444000000044444440000000111111100000001111111555555300000001
1444444400000000000000111111100000004444444000000044444440000000111111100000001111111555555300000001
1000000033333330000000111111111111110000000111111111111114444444000000011111111111111111111100000001
1000000035555530000000111111111111110000000111111111111114444444000000011111111111111111111100000001
1000000035555530000000111111111111110000000111111111111114444444000000011111111111111111111100000001
1000000035555530000000111111111111110000000111111111111114444444000000011111111111111111111100000001
1000000035555530000000111111111111110000000111111111111114444444000000011111111111111111111100000001
1000000035555530000000111111111111110000000111111111111114444444000000011111111111111111111100000001
1000000035555530000000111111111111110000000111111111111114444444000000011111111111111111111100000001
1000000011111110000000111111111111110000000000000000000004444444444444400000000000000111111100000001
1000000011111110000000111111111111110000000000000000000004444444444444400000000000000111111100000001
1000000011111110000000111111111111110000000000000000000004444444444444400000000000000111111100000001
1000000011111110000000111111111111110000000000000000000004444444444444400000000000000111111100000001
1000000011111110000000111111111111110000000000000000000004444444444444400000000000000111111100000001
1000000011111110000000111111111111110000000000000000000004444444444444400000000000000111111100000001
1000000011111110000000111111111111110000000000000000000004444444444444400000000000000111111100000001
1000000035555530000000111111111111111111111111333333311111111111000000013333310000000111111100000001
1000000035555530000000111111111111111111111111555555511111111111000000015555510000000111111100000001
1000000035555530000000111111111111111111111111555555511111111111000000015555510000000111111100000001
1000000035555530000000111111111111111111111111555555511111111111000000015555510000000111111100000001
1000000035555530000000111111111111111111111111555555511111111111000000015555510000000111111100000001
1000000035555530000000111111111111111111111111555555511111111111000000015555510000000111111100000001
1000000035555530000000111111111111111111111111555555511111111111000000011111110000000111111100000001
1000000011111110000000111111111111110000000111111111111110000000444444400000004444444000000044444441
1000000011111110000000111111111111110000000111111111111110000000444444400000004444444000000044444441
1000000011111110000000111111111111110000000111111111111110000000444444400000004444444000000044444441
1000000011111110000000111111111111110000000111111111111110000000444444400000004444444000000044444441
1000000011111110000000111111111111110000000111111111111110000000444444400000004444444000000044444441
1000000011111110000000111111111111110000000111111111111110000000444444400000004444444000000044444441
1000000011111110000000111111111111110000000111111111111110000000444444400000004444444000000044444441
1444444400000004444444000000000000004444444111111111111111111111000000011111111111111111111100000001
1444444400000004444444000000000000004444444111111111111111111111000000011111111111111111111100000001
1444444400000004444444000000000000004444444111111111111111111111000000011111111111111111111100000001
1444444400000004444444000000000000004444444111111111111111111111000000011111111111111111111100000001
1444444400000004444444000000000000004444444111111111111111111111000000011111110000000000000044444441
1444444400000004444444000000000000004444444111111111111111111111000000011111110000000000000044444441
1444444400000004444444000000000000004444444111111111111111111111000000011111110000000000000044444441
1000000011111110000000111111111111114444444000000000000000000000444444411111110000000000000044444441
1000000011111110000000111111111111114444444000000000000000000000444444411111110000000000000044444441
1000000011111110000000111111111111114444444000000000000000000000444444411111110000000000000044444441
1000000011111110000000111111111111114444444000000000000000000000444444411111110000000000000044444441
1000000011111110000000111111111111114444444000000000000000000000444444411111111111111111111100000001
1000000011111110000000111111111111114444444000000000000000000000444444411111111111111111111100000001
1000000011111110000000111111111111114444444000000000000000000000444444411111111111111111111100000001
1000000000000004444444000000011111110000000111111133333331111111444444400000000000000111111100000001
1000000000000004444444000000011111110000000111111155555551111111444444400000000000000111111100000001
1000000000000004444444000000011111110000000111111155555551111111444444400000000000000111111100000001
1000000000000004444444000000011111110000000111111155555551111111444444400000000000000111111100000001
1000000000000004444444000000011111110000000111111155555551111111444444400000000000000111111100000001
1000000000000004444444000000011111110000000111111155555551111111444444400000000000000111111100000001
1000000000000004444444000000011111110000000111111133333331111111444444400000000000000111111100000001
1111111133333331111111000000011111114444444000000000000000000000444444411111113333333111111100000001
1111111155555551111111000000011111114444444000000000000000000000444444411111115555555555555300000001
1111111155555551111111000000011111114444444000000000000000000000444444411111115555555555555300000001
1111111155555551111111000000011111114444444000000000000000000000444444411111115555555555555300000001
1111111155555551111111000000011111114444444000000000000000000000444444411111115555555555555300000001
1111111155555551111111000000011111114444444000000000000000000000444444411111115555555555555300000001
1111111155555551111111000000011111114444444000000000000000000000444444411111115555555555555300000001
1111111155555551111111000000011111110000000111111111111111111111000000011111115555555555555300000001
1111111155555551111111000000011111110000000111111111111111111111000000011111115555555111111100000001
1111111155555551111111000000011111110000000111111111111111111111000000011111115555555111111100000001
1111111155555551111111000000011111110000000111111111111111111111000000011111115555555111111100000001
1111111155555551111111000000011111110000000111111111111111111111000000011111115555555111111100000001
1111111155555551111111000000011111110000000111111111111111111111000000011111115555555111111100000001
1111111133333331111111000000011111110000000111111111111111111111000000011111113333333111111100000001
1000000000000004444444444444400000004444444000000000000004444444444444400000000000000000000044444441
1000000000000004444444444444400000004444444000000000000004444444444444400000000000000000000044444441
1000000000000004444444444444400000004444444000000000000004444444444444400000000000000000000044444441
1000000000000004444444444444400000004444444000000000000004444444444444400000000000000000000044444441
1000000000000004444444444444400000004444444000000000000004444444444444400000000000000000000044444441
1000000000000004444444444444400000004444444000000000000004444444444444400000000000000000000044444441
1000000000000004444444444444400000004444444000000000000004444444444444400000000000000000000044444441
1000000011111110000000111111111111111111111111111133333330000000111111111111111111111111111100000001
1000000011111110000000111111111111111111111111111555555530000000111111111155555551111111111100000001
1000000011111110000000111111111111111111111155555555555530000000111111111155555551111111111100000001
1000000011111110000000111111111111111111111155555555555530000000111111111155555551111111111100000001
1000000011111110000000111111111111111555555555555555555530000000111111111155555551111111111100000001
1000000011111110000000111111111111111555555555555555555530000000111111111155555551111111111100000001
1000000011111110000000111111115555555555555555555555555530000000111111111133333331111111111100000001
1000000000000000000000355555555555555555555555555555555510000000000000000000000000000000000000000001
1000000000000000000000355555555555555555555555555551111110000000000000000000000000000000000000000001
1000000000000000000000355555555555555555555511111111111110000000000000000000000000000000000000000001
1000000000000000000000355555555555555555555511111111111110000000000000000000000000000000000000000001
1000000000000000000000355555555555555111111111111111111110000000000000000000000000000000000000000001
1000000000000000000000355555555555555111111111111111111110000000000000000000000000000000000000000001
1000000000000000000000355555551111111111111111111111111110000000000000000000000000000000000000000001
1111111111111111111111111111111111111111111111111111111111111111111111111111111111111111111111111111